hover_thrust: 0.2331100385421994
tau_phi: 0.1404239378384376
tau_theta: 0.1290859395122873
tau_psi: 0.4998535805254607
show_debug: false
enable_preview: true