hover_thrust: 0.2376726013422012
show_debug: false
enable_preview: true
tau_phi: 0.1667
tau_theta: 0.1667
tau_psi: 1.364456812259516