mass: 0.711 # kg
K1 : 0.211221921558914
K2 : 1.887681577434585
K3 : 0.559194070136690