mass: 0.711 # kg
K1 : 1.450420984642443
K2 : 1.143035702043988
K3 : 0.422541015026179