r_vel_x: 0.00000625
r_vel_y: 0.00000625
r_vel_z: 0.00000625
r_control_x: 0.00000625
r_control_y: 0.00000625
r_control_z: 0.00000625


q_vel_x: 0.00000625
q_vel_y: 0.00000625
q_vel_z: 0.00000625
q_disturbancez_x: 0.000025
q_disturbancez_y: 000025
q_disturbancez_z: 000025