hover_thrust: 0.5656428200006485
show_debug: false
enable_preview: true
tau_phi: 0.1742504945971047
tau_theta: 0.1704274688906173
tau_psi: 0.7410010081424614